3 simple: 975 -555 -442 [-229] 567 385 [877] 753 175 615 [-661] -889 815 740 -169 -339 -261 143 -841 -205 731 -904 -315 
2 simple: -852 15 [-719] 441 175 -274 -910 -644 -704 -663 987 -136 844 988 878 -312 -226 -574 -315 394 -156 338 978 [-31] -388 
10 simple: 808 [593] 368 [-181] 737 338 [347] 559 [787] 486 [673] [499] [-47] [-619] 820 -82 -982 -973 915 490 -328 [-509] -93 [-521] -264 
1 simple: 860 -258 -567 64 -405 864 540 46 -514 -715 140 -765 312 586 142 -145 -480 162 -123 -926 [-23] 854 55 -398 -204 
5 simple: [97] -525 245 -689 456 475 -408 92 370 -87 -956 [419] -707 40 [-223] [43] -934 679 169 -866 [-683] 833 -836 -260 354 355 
4 simple: 540 [-89] 377 -230 266 399 308 640 214 -574 632 -412 -964 -80 174 -74 -549 -238 [751] 465 [103] -434 378 289 [-389] -999 
5 simple: 608 [-977] -604 -341 -590 -898 [-241] -519 -244 973 -753 -424 123 -861 608 -119 [173] [83] [137] 595 406 255 -343 -582 636 
4 simple: [-137] -298 258 -794 170 745 -442 -326 148 [461] 535 [-71] -789 956 385 470 540 68 724 -148 -265 852 934 -687 -152 [-503] -288 
2 simple: 945 158 45 726 956 -885 -752 -143 -974 410 -244 -304 -265 16 904 [-479] 483 900 931 817 -502 [769] -754 -934 -884 
4 simple: -925 329 -502 [5] -847 956 942 [-617] 363 -731 -448 -372 -189 393 -625 -844 824 -72 [701] -540 [-109] -933 939 -862 
5 simple: [947] 655 [499] 160 -564 -460 465 510 244 [283] [863] 238 680 77 [-509] 536 299 791 615 514 -684 340 -785 -849 -734 
7 simple: 321 289 912 [-11] 708 803 290 581 753 904 456 [-157] -788 -346 [211] -426 750 [569] [179] -81 -363 282 [17] 629 -776 [337] 
2 simple: -695 -86 468 8 724 590 584 969 -288 -410 [-503] 15 980 -927 [-661] 38 -698 880 46 -791 -597 280 -812 -814 342 
5 simple: [251] [347] -990 -455 [-191] 138 584 121 -301 636 [-523] -740 -656 -451 -820 -913 [-547] -4 -196 916 -845 -249 -870 -8 -556 672 
8 simple: -969 749 700 403 25 737 [439] 752 [-367] [919] 495 [563] [19] -40 354 776 978 [857] [547] 329 963 [71] 189 -680 880 597 
2 simple: -502 738 36 -867 965 893 -405 -882 -917 -182 40 920 -630 385 25 [389] 970 496 188 -327 784 [-911] 456 -333 
6 simple: 452 387 -597 715 [499] 56 [-349] [-571] 842 984 -986 900 760 674 289 458 -636 -867 581 -395 [293] [23] [769] -136 
4 simple: 493 -558 855 -795 -608 -685 [509] 129 -862 202 399 [-701] [-31] -454 [859] 720 772 550 560 -215 -685 126 -291 
4 simple: -247 -445 -611 -192 50 [139] -783 [997] 504 533 287 579 -898 -164 -865 976 510 792 [17] 292 555 -90 -332 [-607] 
0 simple: 365 868 627 
7 simple: 834 426 -798 [-557] [-691] [719] -902 170 -600 [233] [883] -585 -687 [-3] -343 140 979 611 105 [-193] -312 -174 
3 simple: -330 -873 [13] 74 [-317] 725 -410 [709] -14 -99 870 -456 -308 -905 -831 731 957 240 556 -889 42 355 471 
2 simple: -356 -65 830 979 [809] -723 542 -465 625 -892 135 822 976 34 -35 -138 [-401] 142 -138 -464 -58 63 
3 simple: 865 988 889 493 [113] -203 871 262 438 616 [-461] 341 -549 684 -42 48 -189 [-439] 
1 simple: -610 -763 423 -32 164 715 -21 -214 [-257] 798 180 559 -125 -726 -453 448 943 
5 simple: -620 -648 -528 [-157] 862 715 -581 -707 123 -744 706 297 -500 -722 965 [647] [31] -186 [937] [-73] 318 896 481 -98 618 
